## Описание:
Данный проект создан для разработки программы по работе с банковскими операциями клиента.

## Установка:
1. Клонируйте репозиторий:
```
git@github.com:vzacerkovniy/dz10_1.git
```
2. Активируйте окружение и установите зависимости.
```
poetry shell
poetry install
```

## Структура
1. Модуль masks. Две функции для скрытия номера счета и карты.
2. Модуль widget. Две функции для скрытия номера счета/карты и вывода даты из строки.
3. Модуль processing. Две функции - одна для фильтрации списка словарей по значению ключа, вторая для сортировки списка словарей по убыванию даты.

## Тестирование
Производятся из пакета tests в котором находятся модули (имя тестируемго модуля из src + _test).
1. mask_account_card (get_mask_card_number + get_mask_account)
+ На вход подаются строки в формате: `"Карта" 1111 1111 1111 1111` или `Счет 11111111111111111111`.
+ На выходе результат `"Карта" 1111 11** **** 1111` или `Счет **1111`.
2. get_data
+ На вход подается время в формате `2024-03-11T02:26:18.671407`.
+ На выходе результат в формате `дд.мм.гггг`.
3. filter_by_state
+ На вход подается список операций в формате:
```
[{"id": 41428829, "state": "EXECUTED", "date": "2019-07-03T18:35:29.512364"},
{"id": 939719570, "state": "EXECUTED", "date": "2018-06-30T02:08:58.425572"},
{"id": 594226727, "state": "CANCELED", "date": "2018-09-12T21:27:25.241689"},
{"id": 615064591, "state": "CANCELED", "date": "2018-10-14T08:21:33.419441"},]
 ```
+ На выходе результат из двух фильтрованных списков, разделенных по ключу 'state'
```
[{'id': 41428829, 'state': 'EXECUTED', 'date': '2019-07-03T18:35:29.512364'}, 
{'id': 939719570, 'state': 'EXECUTED', 'date': '2018-06-30T02:08:58.425572'}]

[{'id': 594226727, 'state': 'CANCELED', 'date': '2018-09-12T21:27:25.241689'}, 
{'id': 615064591, 'state': 'CANCELED', 'date': '2018-10-14T08:21:33.419441'}]
```
4. sort_by_date
+ На вход подается список операций (в формате из п.3):
+ На выходе результат из списка операций, сортированных по ключу 'date' в порядке убывания.
```
[{'id': 41428829, 'state': 'EXECUTED', 'date': '2019-07-03T18:35:29.512364'}, 
{'id': 615064591, 'state': 'CANCELED', 'date': '2018-10-14T08:21:33.419441'}, 
{'id': 594226727, 'state': 'CANCELED', 'date': '2018-09-12T21:27:25.241689'}, 
{'id': 939719570, 'state': 'EXECUTED', 'date': '2018-06-30T02:08:58.425572'}]
```

## Документация:

Для получения дополнительной информации обратитесь к [документации](./README.md).

## Лицензия:
Отсутствует